Syc-Warp WCET Analysis Report
Warp Number: 32, block size: 256
Total Accesses: 786496
Syc warp Hits: 786144 (99.96%)
Syc warp Misses: 352 (0.04%)

 Address           tag              set              pos         idmemory  
 3221225472      3221225472       0                2           0         
 3221225728      3221225472       2                2           0         
 3221225856      3221225472       3                2           0         
 3221225600      3221225472       1                2           0         
 3221225984      3221225984       0                2           0         
 3221226112      3221225984       1                2           0         
 3221226240      3221225984       2                2           0         
 3221226624      3221226496       1                2           0         
 3221226368      3221225984       3                2           0         
 3221226496      3221226496       0                2           0         
 3221226752      3221226496       2                2           0         
 3221227008      3221227008       0                2           0         
 3221227136      3221227008       1                2           0         
 3221226880      3221226496       3                2           0         
 3221227264      3221227008       2                2           0         
 3221227392      3221227008       3                2           0         
 3221227520      3221227520       0                2           0         
 3221227904      3221227520       3                2           0         
 3221227648      3221227520       1                2           0         
 3221227776      3221227520       2                2           0         
 3221228032      3221228032       0                2           0         
 3221228288      3221228032       2                2           0         
 3221228416      3221228032       3                2           0         
 3221228160      3221228032       1                2           0         
 3221228544      3221228544       0                2           0         
 3221228672      3221228544       1                2           0         
 3221228800      3221228544       2                2           0         
 3221229184      3221229056       1                2           0         
 3221228928      3221228544       3                2           0         
 3221229056      3221229056       0                2           0         
 3221229312      3221229056       2                2           0         
 3221229568      3221229568       0                2           0         
 3221229824      3221229568       2                2           0         
 3221229440      3221229056       3                2           0         
 3221229696      3221229568       1                2           0         
 3221229952      3221229568       3                2           0         
 3221230080      3221230080       0                2           0         
 3221230336      3221230080       2                2           0         
 3221230208      3221230080       1                2           0         
 3221230464      3221230080       3                2           0         
 3221230592      3221230592       0                2           0         
 3221230848      3221230592       2                2           0         
 3221231104      3221231104       0                2           0         
 3221230720      3221230592       1                2           0         
 3221230976      3221230592       3                2           0         
 3221231232      3221231104       1                2           0         
 3221231360      3221231104       2                2           0         
 3221231616      3221231616       0                2           0         
 3221231488      3221231104       3                2           0         
 3221231744      3221231616       1                2           0         
 3221231872      3221231616       2                2           0         
 3221232128      3221232128       0                2           0         
 3221232384      3221232128       2                2           0         
 3221232000      3221231616       3                2           0         
 3221232256      3221232128       1                2           0         
 3221232512      3221232128       3                2           0         
 3221232640      3221232640       0                2           0         
 3221232896      3221232640       2                2           0         
 3221232768      3221232640       1                2           0         
 3221233024      3221232640       3                2           0         
 3221233152      3221233152       0                2           0         
 3221233408      3221233152       2                2           0         
 3221233280      3221233152       1                2           0         
 3221233536      3221233152       3                2           0         
 3221233664      3221233664       0                2           0         
 3221233792      3221233664       1                2           0         
 3221233920      3221233664       2                2           0         
 3221234304      3221234176       1                2           0         
 3221234048      3221233664       3                2           0         
 3221234176      3221234176       0                2           0         
 3221234432      3221234176       2                2           0         
 3221234688      3221234688       0                2           0         
 3221234816      3221234688       1                2           0         
 3221234560      3221234176       3                2           0         
 3221234944      3221234688       2                2           0         
 3221235072      3221234688       3                2           0         
 3221235200      3221235200       0                2           0         
 3221235584      3221235200       3                2           0         
 3221235328      3221235200       1                2           0         
 3221235456      3221235200       2                2           0         
 3221235712      3221235712       0                2           0         
 3221235968      3221235712       2                2           0         
 3221236096      3221235712       3                2           0         
 3221235840      3221235712       1                2           0         
 3221236224      3221236224       0                2           0         
 3221236352      3221236224       1                2           0         
 3221236480      3221236224       2                2           0         
 3221236864      3221236736       1                2           0         
 3221236608      3221236224       3                2           0         
 3221236736      3221236736       0                2           0         
 3221236992      3221236736       2                2           0         
 3221237248      3221237248       0                2           0         
 3221237376      3221237248       1                2           0         
 3221237120      3221236736       3                2           0         
 3221237504      3221237248       2                2           0         
 3221237632      3221237248       3                2           0         
 3221237760      3221237760       0                2           0         
 3221238016      3221237760       2                2           0         
 3221237888      3221237760       1                2           0         
 3221238144      3221237760       3                2           0         
 3221238272      3221238272       0                2           0         
 3221238528      3221238272       2                2           0         
 3221238784      3221238784       0                2           0         
 3221238400      3221238272       1                2           0         
 3221238656      3221238272       3                2           0         
 3221238912      3221238784       1                2           0         
 3221239040      3221238784       2                2           0         
 3221239296      3221239296       0                2           0         
 3221239168      3221238784       3                2           0         
 3221239424      3221239296       1                2           0         
 3221239552      3221239296       2                2           0         
 3221239808      3221239808       0                2           0         
 3221240064      3221239808       2                2           0         
 3221239680      3221239296       3                2           0         
 3221239936      3221239808       1                2           0         
 3221240192      3221239808       3                2           0         
 3221240320      3221240320       0                2           0         
 3221240576      3221240320       2                2           0         
 3221240448      3221240320       1                2           0         
 3221240704      3221240320       3                2           0         
 3221240832      3221240832       0                2           0         
 3221241088      3221240832       2                2           0         
 3221241344      3221241344       0                2           0         
 3221240960      3221240832       1                2           0         
 3221241216      3221240832       3                2           0         
 3221241472      3221241344       1                2           0         
 3221241600      3221241344       2                2           0         
 3221241984      3221241856       1                2           0         
 3221241728      3221241344       3                2           0         
 3221241856      3221241856       0                2           0         
 3221242112      3221241856       2                2           0         
 3221242368      3221242368       0                2           0         
 3221242496      3221242368       1                2           0         
 3221242240      3221241856       3                2           0         
 3221242624      3221242368       2                2           0         
 3221242752      3221242368       3                2           0         
 3221242880      3221242880       0                2           0         
 3221243264      3221242880       3                2           0         
 3221243008      3221242880       1                2           0         
 3221243136      3221242880       2                2           0         
 3221243392      3221243392       0                2           0         
 3221243648      3221243392       2                2           0         
 3221243776      3221243392       3                2           0         
 3221243520      3221243392       1                2           0         
 3221243904      3221243904       0                2           0         
 3221244032      3221243904       1                2           0         
 3221244160      3221243904       2                2           0         
 3221244544      3221244416       1                2           0         
 3221244288      3221243904       3                2           0         
 3221244416      3221244416       0                2           0         
 3221244672      3221244416       2                2           0         
 3221244928      3221244928       0                2           0         
 3221245056      3221244928       1                2           0         
 3221244800      3221244416       3                2           0         
 3221245184      3221244928       2                2           0         
 3221245312      3221244928       3                2           0         
 3221245440      3221245440       0                2           0         
 3221245824      3221245440       3                2           0         
 3221245568      3221245440       1                2           0         
 3221245696      3221245440       2                2           0         
 6442450944      6442450944       0                2           1         
 6442451072      6442450944       1                50          1         
 6442451200      6442450944       2                98          1         
 6442451328      6442450944       3                146         1         
 6442451456      6442451456       0                194         1         
 6442451584      6442451456       1                242         1         
 6442451712      6442451456       2                290         1         
 6442451840      6442451456       3                338         1         
 6442451968      6442451968       0                386         1         
 6442452096      6442451968       1                434         1         
 6442452224      6442451968       2                482         1         
 6442452352      6442451968       3                530         1         
 6442452480      6442452480       0                578         1         
 6442452608      6442452480       1                626         1         
 6442452736      6442452480       2                674         1         
 6442452864      6442452480       3                722         1         
 6442452992      6442452992       0                770         1         
 6442453120      6442452992       1                818         1         
 6442453248      6442452992       2                866         1         
 6442453376      6442452992       3                914         1         
 6442453504      6442453504       0                962         1         
 6442453632      6442453504       1                1010        1         
 6442453760      6442453504       2                1058        1         
 6442453888      6442453504       3                1106        1         
 6442454016      6442454016       0                1154        1         
 6442454144      6442454016       1                1202        1         
 6442454272      6442454016       2                1250        1         
 6442454400      6442454016       3                1298        1         
 6442454528      6442454528       0                1346        1         
 6442454656      6442454528       1                1394        1         
 6442454784      6442454528       2                1442        1         
 6442454912      6442454528       3                1490        1         
 6442455040      6442455040       0                1538        1         
 6442455168      6442455040       1                1586        1         
 6442455296      6442455040       2                1634        1         
 6442455424      6442455040       3                1682        1         
 6442455552      6442455552       0                1730        1         
 6442455680      6442455552       1                1778        1         
 6442455808      6442455552       2                1826        1         
 6442455936      6442455552       3                1874        1         
 6442456064      6442456064       0                1922        1         
 6442456192      6442456064       1                1970        1         
 6442456320      6442456064       2                2018        1         
 6442456448      6442456064       3                2066        1         
 6442456576      6442456576       0                2114        1         
 6442456704      6442456576       1                2162        1         
 6442456832      6442456576       2                2210        1         
 6442456960      6442456576       3                2258        1         
 6442457088      6442457088       0                2306        1         
 6442457216      6442457088       1                2354        1         
 6442457344      6442457088       2                2402        1         
 6442457472      6442457088       3                2450        1         
 6442457600      6442457600       0                2498        1         
 6442457728      6442457600       1                2546        1         
 6442457856      6442457600       2                2594        1         
 6442457984      6442457600       3                2642        1         
 6442458112      6442458112       0                2690        1         
 6442458240      6442458112       1                2738        1         
 6442458368      6442458112       2                2786        1         
 6442458496      6442458112       3                2834        1         
 6442458624      6442458624       0                2882        1         
 6442458752      6442458624       1                2930        1         
 6442458880      6442458624       2                2978        1         
 6442459008      6442458624       3                3026        1         
 6442459136      6442459136       0                3074        1         
 6442459264      6442459136       1                3122        1         
 6442459392      6442459136       2                3170        1         
 6442459520      6442459136       3                3218        1         
 6442459648      6442459648       0                3266        1         
 6442459776      6442459648       1                3314        1         
 6442459904      6442459648       2                3362        1         
 6442460032      6442459648       3                3410        1         
 6442460160      6442460160       0                3458        1         
 6442460288      6442460160       1                3506        1         
 6442460416      6442460160       2                3554        1         
 6442460544      6442460160       3                3602        1         
 6442460672      6442460672       0                3650        1         
 6442460800      6442460672       1                3698        1         
 6442460928      6442460672       2                3746        1         
 6442461056      6442460672       3                3794        1         
 6442461184      6442461184       0                3842        1         
 6442461312      6442461184       1                3890        1         
 6442461440      6442461184       2                3938        1         
 6442461568      6442461184       3                3986        1         
 6442461696      6442461696       0                4034        1         
 6442461824      6442461696       1                4082        1         
 6442461952      6442461696       2                4130        1         
 6442462080      6442461696       3                4178        1         
 6442462208      6442462208       0                4226        1         
 6442462336      6442462208       1                4274        1         
 6442462464      6442462208       2                4322        1         
 6442462592      6442462208       3                4370        1         
 6442462720      6442462720       0                4418        1         
 6442462848      6442462720       1                4466        1         
 6442462976      6442462720       2                4514        1         
 6442463104      6442462720       3                4562        1         
 6442463232      6442463232       0                4610        1         
 6442463360      6442463232       1                4658        1         
 6442463488      6442463232       2                4706        1         
 6442463616      6442463232       3                4754        1         
 6442463744      6442463744       0                4802        1         
 6442463872      6442463744       1                4850        1         
 6442464000      6442463744       2                4898        1         
 6442464128      6442463744       3                4946        1         
 6442464256      6442464256       0                4994        1         
 6442464384      6442464256       1                5042        1         
 6442464512      6442464256       2                5090        1         
 6442464640      6442464256       3                5138        1         
 6442464768      6442464768       0                5186        1         
 6442464896      6442464768       1                5234        1         
 6442465024      6442464768       2                5282        1         
 6442465152      6442464768       3                5330        1         
 6442465280      6442465280       0                5378        1         
 6442465408      6442465280       1                5426        1         
 6442465536      6442465280       2                5474        1         
 6442465664      6442465280       3                5522        1         
 6442465792      6442465792       0                5570        1         
 6442465920      6442465792       1                5618        1         
 6442466048      6442465792       2                5666        1         
 6442466176      6442465792       3                5714        1         
 6442466304      6442466304       0                5762        1         
 6442466432      6442466304       1                5810        1         
 6442466560      6442466304       2                5858        1         
 6442466688      6442466304       3                5906        1         
 6442466816      6442466816       0                5954        1         
 6442466944      6442466816       1                6002        1         
 6442467072      6442466816       2                6050        1         
 6442467200      6442466816       3                6098        1         
 9663676416      9663676416       0                6145        0         
 9663676544      9663676416       1                6145        0         
 9663676672      9663676416       2                6145        0         
 9663676800      9663676416       3                6145        0         
 9663676928      9663676928       0                6145        0         
 9663677056      9663676928       1                6145        0         
 9663677184      9663676928       2                6145        0         
 9663677312      9663676928       3                6145        0         
 9663677440      9663677440       0                6145        0         
 9663677568      9663677440       1                6145        0         
 9663677696      9663677440       2                6145        0         
 9663677824      9663677440       3                6145        0         
 9663677952      9663677952       0                6145        0         
 9663678080      9663677952       1                6145        0         
 9663678208      9663677952       2                6145        0         
 9663678336      9663677952       3                6145        0         
 9663678464      9663678464       0                6145        0         
 9663678592      9663678464       1                6145        0         
 9663678720      9663678464       2                6145        0         
 9663678848      9663678464       3                6145        0         
 9663678976      9663678976       0                6145        0         
 9663679104      9663678976       1                6145        0         
 9663679232      9663678976       2                6145        0         
 9663679360      9663678976       3                6145        0         
 9663679488      9663679488       0                6145        0         
 9663679616      9663679488       1                6145        0         
 9663679744      9663679488       2                6145        0         
 9663679872      9663679488       3                6145        0         
 9663680000      9663680000       0                6145        0         
 9663680128      9663680000       1                6145        0         
 9663680256      9663680000       2                6145        0         
 9663680384      9663680000       3                6145        0         
 12884901888     12884901888      0                6145        1         
 12884902016     12884901888      1                6145        1         
 12884902144     12884901888      2                6145        1         
 12884902272     12884901888      3                6145        1         
 12884902400     12884902400      0                6145        1         
 12884902528     12884902400      1                6145        1         
 12884902656     12884902400      2                6145        1         
 12884902784     12884902400      3                6145        1         
 12884902912     12884902912      0                6145        1         
 12884903040     12884902912      1                6145        1         
 12884903168     12884902912      2                6145        1         
 12884903296     12884902912      3                6145        1         
 12884903424     12884903424      0                6145        1         
 12884903552     12884903424      1                6145        1         
 12884903680     12884903424      2                6145        1         
 12884903808     12884903424      3                6145        1         
 12884903936     12884903936      0                6145        1         
 12884904064     12884903936      1                6145        1         
 12884904192     12884903936      2                6145        1         
 12884904320     12884903936      3                6145        1         
 12884904448     12884904448      0                6145        1         
 12884904576     12884904448      1                6145        1         
 12884904704     12884904448      2                6145        1         
 12884904832     12884904448      3                6145        1         
 12884904960     12884904960      0                6145        1         
 12884905088     12884904960      1                6145        1         
 12884905216     12884904960      2                6145        1         
 12884905344     12884904960      3                6145        1         
 12884905472     12884905472      0                6145        1         
 12884905600     12884905472      1                6145        1         
 12884905728     12884905472      2                6145        1         
 12884905856     12884905472      3                6145        1         